[[[  0 294]]

 [[  0 295]]

 [[  0 296]]

 [[  0 297]]

 [[  0 298]]

 [[  0 299]]

 [[  0 300]]

 [[  0 301]]

 [[  0 302]]

 [[  0 303]]

 [[  0 304]]

 [[  0 305]]

 [[  0 306]]

 [[  0 307]]

 [[  0 308]]

 [[  0 309]]

 [[  0 310]]

 [[  0 311]]

 [[  0 312]]

 [[  0 313]]

 [[  0 314]]

 [[  0 315]]

 [[  0 316]]

 [[  0 317]]

 [[  0 318]]

 [[  0 319]]

 [[  0 320]]

 [[  0 321]]

 [[  0 322]]

 [[  0 323]]

 [[  0 324]]

 [[  0 325]]

 [[  0 326]]

 [[  0 327]]

 [[  0 328]]

 [[  0 329]]

 [[  0 330]]

 [[  0 331]]

 [[  0 332]]

 [[  0 333]]

 [[  0 334]]

 [[  0 335]]

 [[  0 336]]

 [[  0 337]]

 [[  0 338]]

 [[  0 339]]

 [[  0 340]]

 [[  0 341]]

 [[  0 342]]

 [[  0 343]]

 [[  0 344]]

 [[  0 345]]

 [[  0 346]]

 [[  0 347]]

 [[  0 348]]

 [[  0 349]]

 [[  0 350]]

 [[  0 351]]

 [[  0 352]]

 [[  0 353]]

 [[  0 354]]

 [[  0 355]]

 [[  0 356]]

 [[  0 357]]

 [[  0 358]]

 [[  0 359]]

 [[  0 360]]

 [[  0 361]]

 [[  0 362]]

 [[  0 363]]

 [[  0 364]]

 [[  0 365]]

 [[  0 366]]

 [[  0 367]]

 [[  0 368]]

 [[  0 369]]

 [[  0 370]]

 [[  0 371]]

 [[  0 372]]

 [[  0 373]]

 [[  0 374]]

 [[  0 375]]

 [[  0 376]]

 [[  0 377]]

 [[  0 378]]

 [[  0 379]]

 [[  0 380]]

 [[  0 381]]

 [[  0 382]]

 [[  0 383]]

 [[  0 384]]

 [[  0 385]]

 [[  0 386]]

 [[  0 387]]

 [[  0 388]]

 [[  0 389]]

 [[  0 390]]

 [[  0 391]]

 [[  0 392]]

 [[  0 393]]

 [[  0 394]]

 [[  0 395]]

 [[  0 396]]

 [[  0 397]]

 [[  0 398]]

 [[  0 399]]

 [[  0 400]]

 [[  0 401]]

 [[  0 402]]

 [[  0 403]]

 [[  0 404]]

 [[  0 405]]

 [[  0 406]]

 [[  0 407]]

 [[  0 408]]

 [[  0 409]]

 [[  0 410]]

 [[  0 411]]

 [[  0 412]]

 [[  0 413]]

 [[  0 414]]

 [[  0 415]]

 [[  0 416]]

 [[  0 417]]

 [[  0 418]]

 [[  0 419]]

 [[  0 420]]

 [[  0 421]]

 [[  0 422]]

 [[  0 423]]

 [[  0 424]]

 [[  0 425]]

 [[  0 426]]

 [[  0 427]]

 [[  0 428]]

 [[  0 429]]

 [[  0 430]]

 [[  0 431]]

 [[  0 432]]

 [[  0 433]]

 [[  0 434]]

 [[  0 435]]

 [[  0 436]]

 [[  0 437]]

 [[  0 438]]

 [[  0 439]]

 [[  0 440]]

 [[  0 441]]

 [[  0 442]]

 [[  0 443]]

 [[  0 444]]

 [[  0 445]]

 [[  0 446]]

 [[  0 447]]

 [[  0 448]]

 [[  0 449]]

 [[  0 450]]

 [[  0 451]]

 [[  0 452]]

 [[  0 453]]

 [[  0 454]]

 [[  0 455]]

 [[  0 456]]

 [[  0 457]]

 [[  0 458]]

 [[  0 459]]

 [[  0 460]]

 [[  0 461]]

 [[  0 462]]

 [[  0 463]]

 [[  0 464]]

 [[  0 465]]

 [[  0 466]]

 [[  1 466]]

 [[  2 466]]

 [[  3 466]]

 [[  4 466]]

 [[  5 466]]

 [[  6 466]]

 [[  7 466]]

 [[  8 466]]

 [[  9 466]]

 [[ 10 466]]

 [[ 11 466]]

 [[ 12 466]]

 [[ 13 466]]

 [[ 14 466]]

 [[ 15 466]]

 [[ 16 466]]

 [[ 17 466]]

 [[ 18 466]]

 [[ 19 466]]

 [[ 20 466]]

 [[ 21 466]]

 [[ 22 466]]

 [[ 23 466]]

 [[ 24 466]]

 [[ 25 466]]

 [[ 26 466]]

 [[ 27 466]]

 [[ 28 466]]

 [[ 29 466]]

 [[ 30 466]]

 [[ 31 466]]

 [[ 32 466]]

 [[ 33 466]]

 [[ 34 466]]

 [[ 35 466]]

 [[ 36 466]]

 [[ 37 466]]

 [[ 38 466]]

 [[ 39 466]]

 [[ 40 466]]

 [[ 41 466]]

 [[ 42 466]]

 [[ 43 466]]

 [[ 44 466]]

 [[ 45 466]]

 [[ 46 466]]

 [[ 47 466]]

 [[ 48 466]]

 [[ 49 466]]

 [[ 50 466]]

 [[ 51 466]]

 [[ 52 466]]

 [[ 53 466]]

 [[ 54 466]]

 [[ 55 466]]

 [[ 56 466]]

 [[ 57 466]]

 [[ 58 466]]

 [[ 59 466]]

 [[ 60 466]]

 [[ 61 466]]

 [[ 62 466]]

 [[ 63 466]]

 [[ 64 466]]

 [[ 65 466]]

 [[ 66 466]]

 [[ 67 466]]

 [[ 68 466]]

 [[ 69 466]]

 [[ 70 466]]

 [[ 71 466]]

 [[ 72 466]]

 [[ 73 466]]

 [[ 74 466]]

 [[ 75 466]]

 [[ 76 466]]

 [[ 77 466]]

 [[ 78 466]]

 [[ 79 466]]

 [[ 80 466]]

 [[ 81 466]]

 [[ 82 466]]

 [[ 83 466]]

 [[ 84 466]]

 [[ 85 466]]

 [[ 86 466]]

 [[ 87 466]]

 [[ 88 466]]

 [[ 89 466]]

 [[ 90 466]]

 [[ 91 466]]

 [[ 92 466]]

 [[ 93 466]]

 [[ 94 466]]

 [[ 95 466]]

 [[ 96 466]]

 [[ 97 466]]

 [[ 98 466]]

 [[ 99 466]]

 [[100 466]]

 [[101 466]]

 [[102 466]]

 [[103 466]]

 [[104 466]]

 [[105 466]]

 [[106 466]]

 [[107 466]]

 [[108 466]]

 [[109 466]]

 [[110 466]]

 [[111 466]]

 [[112 466]]

 [[113 466]]

 [[114 466]]

 [[115 466]]

 [[116 466]]

 [[117 466]]

 [[118 466]]

 [[119 466]]

 [[120 466]]

 [[121 466]]

 [[122 466]]

 [[123 466]]

 [[124 466]]

 [[125 466]]

 [[126 466]]

 [[127 466]]

 [[128 466]]

 [[129 466]]

 [[130 466]]

 [[131 466]]

 [[132 466]]

 [[133 466]]

 [[134 466]]

 [[135 466]]

 [[136 466]]

 [[137 466]]

 [[138 466]]

 [[139 466]]

 [[140 466]]

 [[141 466]]

 [[142 466]]

 [[143 466]]

 [[144 466]]

 [[145 466]]

 [[146 466]]

 [[147 466]]

 [[148 466]]

 [[149 466]]

 [[150 466]]

 [[151 466]]

 [[152 466]]

 [[153 466]]

 [[154 466]]

 [[155 466]]

 [[156 466]]

 [[157 466]]

 [[158 466]]

 [[159 466]]

 [[160 466]]

 [[161 466]]

 [[162 466]]

 [[163 466]]

 [[164 466]]

 [[165 466]]

 [[166 466]]

 [[167 466]]

 [[168 466]]

 [[169 466]]

 [[170 466]]

 [[171 466]]

 [[172 466]]

 [[173 466]]

 [[174 466]]

 [[175 466]]

 [[176 466]]

 [[177 466]]

 [[178 466]]

 [[179 466]]

 [[180 466]]

 [[181 466]]

 [[182 466]]

 [[183 466]]

 [[184 466]]

 [[185 466]]

 [[186 466]]

 [[187 466]]

 [[188 466]]

 [[189 466]]

 [[190 466]]

 [[191 466]]

 [[192 466]]

 [[193 466]]

 [[194 466]]

 [[195 466]]

 [[196 466]]

 [[197 466]]

 [[198 466]]

 [[199 466]]

 [[200 466]]

 [[201 466]]

 [[202 466]]

 [[203 466]]

 [[204 466]]

 [[205 466]]

 [[206 466]]

 [[207 466]]

 [[208 466]]

 [[209 466]]

 [[210 466]]

 [[211 466]]

 [[212 466]]

 [[213 466]]

 [[214 466]]

 [[215 466]]

 [[216 466]]

 [[217 466]]

 [[218 466]]

 [[219 466]]

 [[220 466]]

 [[221 466]]

 [[222 466]]

 [[223 466]]

 [[224 466]]

 [[225 466]]

 [[226 466]]

 [[227 466]]

 [[228 466]]

 [[229 466]]

 [[230 466]]

 [[231 466]]

 [[232 466]]

 [[233 466]]

 [[234 466]]

 [[235 466]]

 [[236 466]]

 [[237 466]]

 [[238 466]]

 [[239 466]]

 [[240 466]]

 [[241 466]]

 [[242 466]]

 [[243 466]]

 [[244 466]]

 [[245 466]]

 [[246 466]]

 [[247 466]]

 [[248 466]]

 [[249 466]]

 [[250 466]]

 [[251 466]]

 [[252 466]]

 [[253 466]]

 [[254 466]]

 [[255 466]]

 [[256 466]]

 [[257 466]]

 [[258 466]]

 [[259 466]]

 [[260 466]]

 [[261 466]]

 [[262 466]]

 [[263 466]]

 [[264 466]]

 [[265 466]]

 [[266 466]]

 [[267 466]]

 [[268 466]]

 [[269 466]]

 [[270 466]]

 [[271 466]]

 [[272 466]]

 [[273 466]]

 [[274 466]]

 [[275 466]]

 [[276 466]]

 [[277 466]]

 [[278 466]]

 [[279 466]]

 [[280 466]]

 [[281 466]]

 [[282 466]]

 [[283 466]]

 [[284 466]]

 [[285 466]]

 [[286 466]]

 [[287 466]]

 [[288 466]]

 [[289 466]]

 [[290 466]]

 [[291 466]]

 [[292 466]]

 [[293 466]]

 [[294 466]]

 [[295 466]]

 [[296 466]]

 [[297 466]]

 [[298 466]]

 [[299 466]]

 [[300 466]]

 [[301 466]]

 [[302 466]]

 [[303 466]]

 [[304 466]]

 [[305 466]]

 [[306 466]]

 [[307 466]]

 [[308 466]]

 [[309 466]]

 [[310 466]]

 [[311 466]]

 [[312 466]]

 [[313 466]]

 [[314 466]]

 [[315 466]]

 [[316 466]]

 [[317 466]]

 [[318 466]]

 [[319 466]]

 [[320 466]]

 [[321 466]]

 [[322 466]]

 [[323 466]]

 [[324 466]]

 [[325 466]]

 [[326 466]]

 [[327 466]]

 [[328 466]]

 [[329 466]]

 [[330 466]]

 [[331 466]]

 [[332 466]]

 [[333 466]]

 [[334 466]]

 [[335 466]]

 [[336 466]]

 [[337 466]]

 [[338 466]]

 [[339 466]]

 [[340 466]]

 [[341 466]]

 [[342 466]]

 [[343 466]]

 [[344 466]]

 [[345 466]]

 [[346 466]]

 [[347 466]]

 [[348 466]]

 [[349 466]]

 [[350 466]]

 [[351 466]]

 [[352 466]]

 [[353 466]]

 [[354 466]]

 [[355 466]]

 [[356 466]]

 [[357 466]]

 [[358 466]]

 [[359 466]]

 [[360 466]]

 [[361 466]]

 [[362 466]]

 [[363 466]]

 [[364 466]]

 [[365 466]]

 [[366 466]]

 [[367 466]]

 [[368 466]]

 [[369 466]]

 [[370 466]]

 [[371 466]]

 [[372 466]]

 [[373 466]]

 [[374 466]]

 [[375 466]]

 [[376 466]]

 [[377 466]]

 [[378 466]]

 [[379 466]]

 [[380 466]]

 [[381 466]]

 [[382 466]]

 [[383 466]]

 [[384 466]]

 [[385 466]]

 [[386 466]]

 [[387 466]]

 [[388 466]]

 [[389 466]]

 [[390 466]]

 [[391 466]]

 [[392 466]]

 [[393 466]]

 [[394 466]]

 [[395 466]]

 [[396 466]]

 [[397 466]]

 [[398 466]]

 [[399 466]]

 [[400 466]]

 [[401 466]]

 [[402 466]]

 [[403 466]]

 [[404 466]]

 [[405 466]]

 [[406 466]]

 [[407 466]]

 [[408 466]]

 [[409 466]]

 [[410 466]]

 [[411 466]]

 [[412 466]]

 [[413 466]]

 [[414 466]]

 [[415 466]]

 [[416 466]]

 [[417 466]]

 [[418 466]]

 [[419 466]]

 [[420 466]]

 [[421 466]]

 [[422 466]]

 [[423 466]]

 [[424 466]]

 [[425 466]]

 [[426 466]]

 [[427 466]]

 [[428 466]]

 [[429 466]]

 [[430 466]]

 [[431 466]]

 [[432 466]]

 [[433 466]]

 [[434 466]]

 [[435 466]]

 [[436 466]]

 [[437 466]]

 [[438 466]]

 [[439 466]]

 [[440 466]]

 [[441 466]]

 [[442 466]]

 [[443 466]]

 [[444 466]]

 [[445 466]]

 [[446 466]]

 [[447 466]]

 [[448 466]]

 [[449 466]]

 [[450 466]]

 [[451 466]]

 [[452 466]]

 [[453 466]]

 [[454 466]]

 [[455 466]]

 [[456 466]]

 [[457 466]]

 [[458 466]]

 [[459 466]]

 [[460 466]]

 [[461 466]]

 [[462 466]]

 [[463 466]]

 [[464 466]]

 [[465 466]]

 [[466 466]]

 [[467 466]]

 [[468 466]]

 [[469 466]]

 [[470 466]]

 [[471 466]]

 [[472 466]]

 [[473 466]]

 [[474 466]]

 [[475 466]]

 [[476 466]]

 [[477 466]]

 [[478 466]]

 [[479 466]]

 [[480 466]]

 [[481 466]]

 [[482 466]]

 [[483 466]]

 [[484 466]]

 [[485 466]]

 [[486 466]]

 [[487 466]]

 [[488 466]]

 [[489 466]]

 [[490 466]]

 [[491 466]]

 [[492 466]]

 [[493 466]]

 [[494 466]]

 [[495 466]]

 [[496 466]]

 [[497 466]]

 [[498 466]]

 [[499 466]]

 [[500 466]]

 [[501 466]]

 [[502 466]]

 [[503 466]]

 [[504 466]]

 [[505 466]]

 [[506 466]]

 [[507 466]]

 [[508 466]]

 [[509 466]]

 [[510 466]]

 [[511 466]]

 [[512 466]]

 [[513 466]]

 [[514 466]]

 [[515 466]]

 [[516 466]]

 [[517 466]]

 [[518 466]]

 [[519 466]]

 [[520 466]]

 [[521 466]]

 [[522 466]]

 [[523 466]]

 [[524 466]]

 [[525 466]]

 [[526 466]]

 [[527 466]]

 [[528 466]]

 [[529 466]]

 [[530 466]]

 [[531 466]]

 [[532 466]]

 [[533 466]]

 [[534 466]]

 [[535 466]]

 [[536 466]]

 [[537 466]]

 [[538 466]]

 [[539 466]]

 [[540 466]]

 [[541 466]]

 [[542 466]]

 [[543 466]]

 [[544 466]]

 [[545 466]]

 [[546 466]]

 [[547 466]]

 [[548 466]]

 [[549 466]]

 [[550 466]]

 [[551 466]]

 [[552 466]]

 [[553 466]]

 [[554 466]]

 [[555 466]]

 [[556 466]]

 [[557 466]]

 [[558 466]]

 [[559 466]]

 [[560 466]]

 [[561 466]]

 [[562 466]]

 [[563 466]]

 [[564 466]]

 [[565 466]]

 [[566 466]]

 [[567 466]]

 [[568 466]]

 [[569 466]]

 [[570 466]]

 [[571 466]]

 [[572 466]]

 [[573 466]]

 [[574 466]]

 [[575 466]]

 [[576 466]]

 [[577 466]]

 [[578 466]]

 [[579 466]]

 [[580 466]]

 [[581 466]]

 [[582 466]]

 [[583 466]]

 [[584 466]]

 [[585 466]]

 [[586 466]]

 [[587 466]]

 [[588 466]]

 [[589 466]]

 [[590 466]]

 [[591 466]]

 [[592 466]]

 [[593 466]]

 [[594 466]]

 [[595 466]]

 [[596 466]]

 [[597 466]]

 [[598 466]]

 [[599 466]]

 [[600 466]]

 [[601 466]]

 [[602 466]]

 [[603 466]]

 [[604 466]]

 [[605 466]]

 [[606 466]]

 [[607 466]]

 [[608 466]]

 [[609 466]]

 [[610 466]]

 [[611 466]]

 [[611 465]]

 [[612 464]]

 [[613 464]]

 [[614 464]]

 [[615 464]]

 [[616 464]]

 [[617 464]]

 [[618 464]]

 [[619 463]]

 [[620 463]]

 [[621 463]]

 [[622 463]]

 [[623 463]]

 [[624 463]]

 [[625 463]]

 [[626 463]]

 [[627 463]]

 [[628 463]]

 [[629 463]]

 [[630 463]]

 [[631 463]]

 [[632 463]]

 [[633 463]]

 [[634 463]]

 [[635 463]]

 [[636 463]]

 [[637 463]]

 [[638 463]]

 [[639 463]]

 [[640 463]]

 [[641 463]]

 [[642 463]]

 [[643 463]]

 [[644 463]]

 [[645 463]]

 [[646 463]]

 [[647 463]]

 [[648 463]]

 [[649 463]]

 [[650 463]]

 [[651 463]]

 [[652 463]]

 [[653 463]]

 [[654 463]]

 [[655 463]]

 [[656 463]]

 [[657 463]]

 [[658 463]]

 [[659 463]]

 [[660 463]]

 [[661 463]]

 [[662 463]]

 [[663 463]]

 [[664 463]]

 [[665 463]]

 [[666 463]]

 [[667 463]]

 [[668 463]]

 [[669 463]]

 [[670 463]]

 [[671 463]]

 [[672 463]]

 [[673 463]]

 [[674 463]]

 [[675 463]]

 [[676 463]]

 [[677 463]]

 [[678 463]]

 [[679 463]]

 [[680 463]]

 [[681 463]]

 [[682 463]]

 [[683 464]]

 [[683 465]]

 [[683 466]]

 [[684 466]]

 [[685 466]]

 [[686 466]]

 [[687 466]]

 [[688 466]]

 [[689 466]]

 [[690 466]]

 [[691 466]]

 [[692 466]]

 [[693 466]]

 [[694 466]]

 [[695 466]]

 [[696 466]]

 [[697 466]]

 [[698 466]]

 [[699 466]]

 [[700 466]]

 [[701 466]]

 [[702 466]]

 [[703 466]]

 [[704 466]]

 [[705 466]]

 [[706 466]]

 [[707 466]]

 [[708 466]]

 [[709 466]]

 [[710 466]]

 [[711 466]]

 [[712 466]]

 [[713 466]]

 [[714 466]]

 [[715 466]]

 [[716 466]]

 [[717 466]]

 [[718 466]]

 [[719 466]]

 [[720 466]]

 [[721 466]]

 [[722 466]]

 [[723 466]]

 [[724 466]]

 [[725 466]]

 [[726 466]]

 [[727 466]]

 [[728 466]]

 [[729 466]]

 [[730 466]]

 [[731 466]]

 [[732 466]]

 [[733 466]]

 [[734 466]]

 [[735 466]]

 [[736 466]]

 [[737 466]]

 [[738 466]]

 [[739 466]]

 [[740 466]]

 [[741 466]]

 [[742 466]]

 [[743 466]]

 [[744 466]]

 [[745 466]]

 [[746 466]]

 [[747 466]]

 [[748 466]]

 [[749 466]]

 [[750 466]]

 [[751 466]]

 [[752 466]]

 [[753 466]]

 [[754 466]]

 [[755 466]]

 [[756 466]]

 [[757 466]]

 [[758 466]]

 [[759 466]]

 [[760 466]]

 [[761 466]]

 [[762 466]]

 [[763 466]]

 [[764 466]]

 [[765 466]]

 [[766 466]]

 [[767 466]]

 [[768 466]]

 [[769 466]]

 [[770 466]]

 [[771 466]]

 [[772 466]]

 [[773 466]]

 [[774 466]]

 [[775 466]]

 [[776 466]]

 [[777 466]]

 [[778 466]]

 [[779 466]]

 [[780 466]]

 [[781 466]]

 [[782 466]]

 [[783 466]]

 [[784 466]]

 [[785 466]]

 [[786 466]]

 [[787 466]]

 [[788 466]]

 [[789 466]]

 [[790 466]]

 [[791 466]]

 [[792 466]]

 [[793 466]]

 [[794 466]]

 [[795 466]]

 [[796 466]]

 [[797 466]]

 [[798 466]]

 [[799 466]]

 [[800 466]]

 [[801 466]]

 [[802 466]]

 [[803 466]]

 [[804 466]]

 [[805 466]]

 [[806 466]]

 [[807 466]]

 [[808 466]]

 [[809 466]]

 [[810 466]]

 [[811 466]]

 [[812 466]]

 [[813 466]]

 [[814 466]]

 [[815 466]]

 [[816 466]]

 [[817 466]]

 [[818 466]]

 [[819 466]]

 [[820 466]]

 [[821 466]]

 [[822 466]]

 [[823 466]]

 [[824 466]]

 [[825 466]]

 [[826 466]]

 [[827 466]]

 [[828 466]]

 [[829 466]]

 [[829 465]]

 [[829 464]]

 [[829 463]]

 [[829 462]]

 [[829 461]]

 [[829 460]]

 [[829 459]]

 [[829 458]]

 [[829 457]]

 [[829 456]]

 [[829 455]]

 [[829 454]]

 [[829 453]]

 [[829 452]]

 [[829 451]]

 [[829 450]]

 [[829 449]]

 [[829 448]]

 [[829 447]]

 [[829 446]]

 [[829 445]]

 [[829 444]]

 [[829 443]]

 [[829 442]]

 [[829 441]]

 [[829 440]]

 [[829 439]]

 [[829 438]]

 [[829 437]]

 [[829 436]]

 [[829 435]]

 [[829 434]]

 [[829 433]]

 [[829 432]]

 [[829 431]]

 [[829 430]]

 [[829 429]]

 [[829 428]]

 [[829 427]]

 [[829 426]]

 [[829 425]]

 [[829 424]]

 [[829 423]]

 [[829 422]]

 [[829 421]]

 [[829 420]]

 [[829 419]]

 [[829 418]]

 [[829 417]]

 [[829 416]]

 [[829 415]]

 [[829 414]]

 [[829 413]]

 [[829 412]]

 [[829 411]]

 [[829 410]]

 [[829 409]]

 [[829 408]]

 [[829 407]]

 [[829 406]]

 [[829 405]]

 [[829 404]]

 [[829 403]]

 [[829 402]]

 [[829 401]]

 [[829 400]]

 [[829 399]]

 [[829 398]]

 [[829 397]]

 [[829 396]]

 [[829 395]]

 [[829 394]]

 [[829 393]]

 [[829 392]]

 [[829 391]]

 [[829 390]]

 [[829 389]]

 [[829 388]]

 [[829 387]]

 [[829 386]]

 [[829 385]]

 [[829 384]]

 [[829 383]]

 [[829 382]]

 [[829 381]]

 [[829 380]]

 [[829 379]]

 [[829 378]]

 [[829 377]]

 [[829 376]]

 [[829 375]]

 [[829 374]]

 [[829 373]]

 [[829 372]]

 [[829 371]]

 [[829 370]]

 [[829 369]]

 [[829 368]]

 [[829 367]]

 [[829 366]]

 [[829 365]]

 [[829 364]]

 [[829 363]]

 [[829 362]]

 [[829 361]]

 [[829 360]]

 [[829 359]]

 [[829 358]]

 [[829 357]]

 [[829 356]]

 [[829 355]]

 [[829 354]]

 [[829 353]]

 [[829 352]]

 [[829 351]]

 [[829 350]]

 [[829 349]]

 [[829 348]]

 [[829 347]]

 [[829 346]]

 [[829 345]]

 [[829 344]]

 [[829 343]]

 [[829 342]]

 [[829 341]]

 [[829 340]]

 [[829 339]]

 [[829 338]]

 [[829 337]]

 [[829 336]]

 [[829 335]]

 [[829 334]]

 [[829 333]]

 [[829 332]]

 [[829 331]]

 [[829 330]]

 [[828 330]]

 [[827 330]]

 [[826 330]]

 [[825 330]]

 [[824 330]]

 [[823 330]]

 [[822 330]]

 [[821 330]]

 [[820 330]]

 [[819 330]]

 [[818 330]]

 [[817 330]]

 [[816 330]]

 [[815 330]]

 [[814 330]]

 [[813 330]]

 [[812 330]]

 [[811 330]]

 [[811 331]]

 [[810 332]]

 [[809 332]]

 [[808 332]]

 [[807 332]]

 [[806 332]]

 [[805 332]]

 [[804 332]]

 [[803 332]]

 [[802 332]]

 [[801 332]]

 [[800 332]]

 [[799 332]]

 [[798 332]]

 [[797 332]]

 [[796 332]]

 [[795 332]]

 [[794 332]]

 [[793 332]]

 [[792 332]]

 [[791 332]]

 [[790 332]]

 [[789 332]]

 [[788 332]]

 [[787 332]]

 [[786 332]]

 [[785 332]]

 [[784 332]]

 [[783 332]]

 [[782 332]]

 [[781 332]]

 [[780 332]]

 [[779 332]]

 [[778 332]]

 [[777 332]]

 [[776 332]]

 [[775 332]]

 [[774 332]]

 [[773 332]]

 [[772 332]]

 [[771 332]]

 [[770 332]]

 [[769 332]]

 [[768 332]]

 [[767 332]]

 [[766 332]]

 [[765 332]]

 [[764 332]]

 [[763 333]]

 [[762 333]]

 [[761 333]]

 [[760 333]]

 [[759 333]]

 [[758 333]]

 [[757 333]]

 [[756 333]]

 [[755 334]]

 [[754 334]]

 [[754 335]]

 [[754 336]]

 [[754 337]]

 [[754 338]]

 [[754 339]]

 [[753 340]]

 [[752 340]]

 [[751 340]]

 [[750 340]]

 [[749 340]]

 [[748 340]]

 [[747 340]]

 [[746 340]]

 [[745 340]]

 [[744 340]]

 [[743 340]]

 [[742 340]]

 [[741 340]]

 [[740 340]]

 [[739 340]]

 [[738 340]]

 [[737 340]]

 [[736 340]]

 [[735 340]]

 [[734 340]]

 [[733 340]]

 [[732 340]]

 [[731 340]]

 [[730 340]]

 [[729 340]]

 [[728 340]]

 [[727 340]]

 [[726 340]]

 [[725 340]]

 [[724 340]]

 [[723 340]]

 [[722 340]]

 [[721 340]]

 [[720 340]]

 [[719 340]]

 [[718 340]]

 [[717 340]]

 [[716 340]]

 [[715 340]]

 [[715 341]]

 [[714 342]]

 [[713 342]]

 [[712 342]]

 [[711 342]]

 [[710 342]]

 [[709 342]]

 [[708 342]]

 [[707 342]]

 [[706 342]]

 [[705 342]]

 [[704 342]]

 [[703 342]]

 [[702 342]]

 [[701 342]]

 [[700 342]]

 [[699 342]]

 [[698 341]]

 [[697 341]]

 [[696 341]]

 [[695 341]]

 [[694 341]]

 [[693 341]]

 [[692 341]]

 [[691 341]]

 [[690 341]]

 [[689 341]]

 [[688 341]]

 [[687 341]]

 [[686 341]]

 [[685 340]]

 [[684 340]]

 [[683 340]]

 [[682 340]]

 [[681 340]]

 [[680 340]]

 [[679 340]]

 [[678 340]]

 [[677 340]]

 [[676 340]]

 [[675 340]]

 [[674 340]]

 [[673 340]]

 [[672 340]]

 [[671 340]]

 [[670 340]]

 [[669 340]]

 [[668 340]]

 [[667 340]]

 [[666 340]]

 [[665 340]]

 [[664 340]]

 [[663 340]]

 [[662 340]]

 [[661 340]]

 [[660 340]]

 [[659 339]]

 [[659 338]]

 [[658 338]]

 [[657 338]]

 [[656 338]]

 [[655 338]]

 [[654 338]]

 [[653 338]]

 [[652 338]]

 [[651 338]]

 [[650 338]]

 [[649 338]]

 [[648 338]]

 [[647 338]]

 [[646 338]]

 [[645 338]]

 [[644 338]]

 [[643 338]]

 [[642 338]]

 [[641 338]]

 [[640 338]]

 [[639 338]]

 [[638 338]]

 [[637 338]]

 [[636 338]]

 [[635 338]]

 [[634 338]]

 [[633 338]]

 [[632 338]]

 [[631 338]]

 [[630 338]]

 [[629 338]]

 [[628 338]]

 [[627 338]]

 [[626 338]]

 [[625 338]]

 [[624 338]]

 [[623 338]]

 [[622 338]]

 [[621 338]]

 [[620 338]]

 [[619 338]]

 [[618 338]]

 [[617 338]]

 [[616 338]]

 [[616 339]]

 [[616 340]]

 [[616 341]]

 [[616 342]]

 [[616 343]]

 [[616 344]]

 [[616 345]]

 [[616 346]]

 [[616 347]]

 [[616 348]]

 [[616 349]]

 [[616 350]]

 [[616 351]]

 [[616 352]]

 [[616 353]]

 [[616 354]]

 [[615 355]]

 [[614 355]]

 [[613 355]]

 [[612 355]]

 [[611 355]]

 [[610 355]]

 [[609 355]]

 [[608 355]]

 [[607 355]]

 [[606 355]]

 [[605 355]]

 [[604 355]]

 [[603 355]]

 [[602 355]]

 [[601 355]]

 [[600 355]]

 [[599 355]]

 [[598 355]]

 [[597 355]]

 [[596 355]]

 [[595 355]]

 [[594 355]]

 [[593 355]]

 [[592 355]]

 [[591 355]]

 [[590 355]]

 [[589 355]]

 [[588 355]]

 [[587 355]]

 [[586 355]]

 [[585 355]]

 [[584 355]]

 [[583 355]]

 [[582 355]]

 [[581 355]]

 [[580 355]]

 [[579 355]]

 [[578 355]]

 [[577 355]]

 [[576 355]]

 [[575 355]]

 [[574 354]]

 [[574 353]]

 [[574 352]]

 [[574 351]]

 [[574 350]]

 [[574 349]]

 [[574 348]]

 [[574 347]]

 [[574 346]]

 [[574 345]]

 [[574 344]]

 [[574 343]]

 [[574 342]]

 [[574 341]]

 [[574 340]]

 [[574 339]]

 [[574 338]]

 [[574 337]]

 [[574 336]]

 [[573 335]]

 [[573 334]]

 [[572 334]]

 [[571 334]]

 [[570 334]]

 [[569 333]]

 [[568 333]]

 [[567 333]]

 [[566 333]]

 [[565 333]]

 [[564 332]]

 [[563 332]]

 [[562 332]]

 [[561 332]]

 [[560 332]]

 [[559 332]]

 [[558 332]]

 [[557 332]]

 [[556 332]]

 [[555 332]]

 [[554 332]]

 [[553 332]]

 [[552 332]]

 [[551 332]]

 [[550 332]]

 [[549 332]]

 [[548 332]]

 [[547 332]]

 [[546 332]]

 [[545 332]]

 [[544 332]]

 [[543 332]]

 [[542 332]]

 [[541 331]]

 [[541 330]]

 [[541 329]]

 [[540 329]]

 [[539 328]]

 [[538 328]]

 [[537 328]]

 [[536 328]]

 [[535 328]]

 [[534 328]]

 [[533 328]]

 [[532 328]]

 [[531 328]]

 [[530 328]]

 [[529 328]]

 [[528 328]]

 [[527 328]]

 [[526 328]]

 [[525 328]]

 [[524 328]]

 [[523 328]]

 [[522 328]]

 [[521 328]]

 [[520 328]]

 [[519 328]]

 [[518 328]]

 [[517 328]]

 [[516 328]]

 [[515 328]]

 [[514 328]]

 [[513 328]]

 [[512 328]]

 [[511 327]]

 [[511 326]]

 [[510 326]]

 [[509 326]]

 [[508 325]]

 [[507 325]]

 [[506 325]]

 [[505 325]]

 [[504 325]]

 [[503 325]]

 [[502 325]]

 [[501 325]]

 [[500 325]]

 [[499 325]]

 [[498 325]]

 [[497 325]]

 [[496 325]]

 [[495 325]]

 [[494 325]]

 [[493 325]]

 [[492 325]]

 [[491 325]]

 [[490 325]]

 [[489 325]]

 [[488 325]]

 [[487 325]]

 [[486 325]]

 [[485 325]]

 [[484 325]]

 [[483 325]]

 [[482 325]]

 [[481 325]]

 [[480 325]]

 [[479 325]]

 [[478 325]]

 [[477 325]]

 [[476 325]]

 [[475 325]]

 [[474 325]]

 [[473 325]]

 [[472 325]]

 [[472 326]]

 [[472 327]]

 [[471 328]]

 [[470 328]]

 [[469 328]]

 [[469 329]]

 [[469 330]]

 [[469 331]]

 [[469 332]]

 [[469 333]]

 [[469 334]]

 [[468 335]]

 [[467 334]]

 [[466 334]]

 [[465 334]]

 [[464 334]]

 [[463 334]]

 [[462 333]]

 [[461 333]]

 [[460 333]]

 [[459 333]]

 [[458 333]]

 [[457 333]]

 [[456 333]]

 [[455 332]]

 [[454 331]]

 [[453 330]]

 [[453 329]]

 [[453 328]]

 [[452 328]]

 [[451 328]]

 [[450 328]]

 [[449 328]]

 [[448 328]]

 [[447 328]]

 [[446 328]]

 [[445 328]]

 [[444 328]]

 [[443 328]]

 [[442 328]]

 [[441 328]]

 [[440 328]]

 [[439 328]]

 [[438 328]]

 [[437 328]]

 [[436 328]]

 [[435 328]]

 [[434 328]]

 [[433 328]]

 [[432 328]]

 [[431 328]]

 [[430 328]]

 [[429 328]]

 [[428 328]]

 [[427 328]]

 [[426 328]]

 [[425 328]]

 [[424 327]]

 [[424 326]]

 [[423 326]]

 [[422 326]]

 [[421 325]]

 [[421 324]]

 [[421 323]]

 [[420 323]]

 [[419 323]]

 [[418 323]]

 [[417 323]]

 [[416 323]]

 [[415 323]]

 [[414 323]]

 [[413 323]]

 [[412 323]]

 [[411 323]]

 [[410 322]]

 [[410 321]]

 [[409 321]]

 [[408 321]]

 [[407 321]]

 [[406 321]]

 [[405 321]]

 [[404 321]]

 [[403 321]]

 [[402 321]]

 [[401 321]]

 [[400 321]]

 [[399 321]]

 [[398 320]]

 [[397 320]]

 [[396 320]]

 [[395 320]]

 [[394 320]]

 [[393 319]]

 [[392 319]]

 [[391 319]]

 [[390 319]]

 [[389 319]]

 [[388 319]]

 [[387 319]]

 [[386 319]]

 [[385 319]]

 [[384 319]]

 [[383 319]]

 [[382 319]]

 [[381 319]]

 [[380 318]]

 [[379 318]]

 [[378 318]]

 [[377 318]]

 [[376 318]]

 [[375 318]]

 [[374 318]]

 [[373 318]]

 [[372 318]]

 [[371 318]]

 [[370 318]]

 [[369 318]]

 [[368 318]]

 [[367 318]]

 [[366 318]]

 [[365 318]]

 [[364 318]]

 [[363 318]]

 [[362 318]]

 [[361 318]]

 [[360 318]]

 [[359 318]]

 [[358 318]]

 [[357 318]]

 [[356 318]]

 [[355 318]]

 [[354 318]]

 [[353 317]]

 [[352 317]]

 [[351 317]]

 [[350 317]]

 [[349 317]]

 [[348 317]]

 [[347 317]]

 [[346 317]]

 [[345 317]]

 [[344 317]]

 [[343 317]]

 [[342 316]]

 [[341 316]]

 [[340 316]]

 [[339 316]]

 [[338 316]]

 [[337 315]]

 [[336 315]]

 [[335 315]]

 [[334 315]]

 [[333 315]]

 [[332 315]]

 [[331 315]]

 [[330 315]]

 [[329 315]]

 [[328 315]]

 [[327 315]]

 [[326 315]]

 [[325 315]]

 [[324 315]]

 [[323 315]]

 [[322 315]]

 [[321 315]]

 [[320 315]]

 [[319 315]]

 [[318 315]]

 [[317 315]]

 [[316 315]]

 [[315 315]]

 [[314 315]]

 [[313 315]]

 [[312 315]]

 [[311 315]]

 [[310 315]]

 [[309 315]]

 [[308 315]]

 [[307 315]]

 [[306 315]]

 [[305 315]]

 [[304 315]]

 [[303 315]]

 [[302 315]]

 [[301 315]]

 [[300 315]]

 [[299 315]]

 [[298 315]]

 [[297 314]]

 [[296 314]]

 [[295 314]]

 [[294 314]]

 [[293 313]]

 [[292 313]]

 [[291 313]]

 [[290 313]]

 [[289 313]]

 [[288 313]]

 [[287 313]]

 [[286 313]]

 [[285 313]]

 [[284 313]]

 [[283 313]]

 [[282 313]]

 [[281 313]]

 [[280 313]]

 [[279 313]]

 [[278 313]]

 [[277 313]]

 [[276 313]]

 [[275 313]]

 [[274 313]]

 [[273 313]]

 [[272 313]]

 [[271 313]]

 [[270 313]]

 [[269 313]]

 [[268 313]]

 [[267 312]]

 [[267 311]]

 [[266 311]]

 [[265 311]]

 [[264 311]]

 [[263 311]]

 [[262 311]]

 [[261 311]]

 [[260 310]]

 [[259 310]]

 [[258 310]]

 [[257 310]]

 [[256 310]]

 [[255 310]]

 [[254 310]]

 [[253 310]]

 [[252 310]]

 [[251 310]]

 [[250 310]]

 [[249 310]]

 [[248 310]]

 [[247 310]]

 [[246 310]]

 [[245 310]]

 [[244 310]]

 [[243 310]]

 [[242 310]]

 [[241 310]]

 [[240 310]]

 [[239 310]]

 [[238 310]]

 [[237 310]]

 [[236 310]]

 [[235 310]]

 [[234 310]]

 [[233 310]]

 [[232 310]]

 [[231 310]]

 [[230 309]]

 [[229 309]]

 [[228 309]]

 [[227 309]]

 [[226 309]]

 [[225 309]]

 [[224 309]]

 [[223 309]]

 [[222 309]]

 [[221 309]]

 [[220 309]]

 [[219 309]]

 [[218 309]]

 [[217 309]]

 [[216 309]]

 [[215 309]]

 [[214 309]]

 [[213 309]]

 [[212 309]]

 [[211 309]]

 [[210 309]]

 [[209 309]]

 [[208 309]]

 [[207 309]]

 [[206 309]]

 [[205 309]]

 [[204 309]]

 [[203 309]]

 [[202 309]]

 [[201 309]]

 [[200 309]]

 [[199 309]]

 [[198 309]]

 [[197 309]]

 [[196 309]]

 [[195 309]]

 [[194 309]]

 [[193 309]]

 [[192 309]]

 [[191 309]]

 [[190 309]]

 [[189 309]]

 [[188 309]]

 [[187 309]]

 [[186 309]]

 [[185 309]]

 [[184 309]]

 [[183 309]]

 [[182 309]]

 [[181 309]]

 [[180 309]]

 [[179 309]]

 [[178 309]]

 [[177 309]]

 [[176 309]]

 [[175 309]]

 [[174 309]]

 [[173 309]]

 [[172 309]]

 [[171 309]]

 [[170 309]]

 [[169 309]]

 [[168 309]]

 [[167 309]]

 [[166 309]]

 [[165 309]]

 [[164 308]]

 [[163 308]]

 [[162 308]]

 [[161 308]]

 [[160 308]]

 [[159 308]]

 [[158 308]]

 [[157 308]]

 [[156 308]]

 [[155 308]]

 [[154 308]]

 [[153 308]]

 [[152 307]]

 [[152 306]]

 [[152 305]]

 [[151 305]]

 [[150 305]]

 [[149 305]]

 [[148 305]]

 [[147 305]]

 [[146 305]]

 [[145 305]]

 [[144 305]]

 [[143 305]]

 [[142 305]]

 [[141 305]]

 [[140 305]]

 [[139 305]]

 [[138 305]]

 [[137 305]]

 [[136 305]]

 [[135 305]]

 [[134 305]]

 [[133 305]]

 [[132 305]]

 [[131 305]]

 [[130 305]]

 [[129 305]]

 [[128 305]]

 [[127 305]]

 [[126 305]]

 [[125 305]]

 [[124 305]]

 [[123 305]]

 [[122 305]]

 [[121 305]]

 [[120 305]]

 [[119 305]]

 [[118 305]]

 [[117 305]]

 [[116 305]]

 [[115 305]]

 [[114 305]]

 [[113 305]]

 [[112 305]]

 [[112 306]]

 [[112 307]]

 [[111 308]]

 [[110 307]]

 [[110 306]]

 [[110 305]]

 [[109 305]]

 [[108 304]]

 [[107 304]]

 [[106 303]]

 [[106 302]]

 [[105 302]]

 [[104 302]]

 [[103 302]]

 [[102 302]]

 [[101 302]]

 [[100 302]]

 [[ 99 302]]

 [[ 98 302]]

 [[ 97 302]]

 [[ 96 302]]

 [[ 95 302]]

 [[ 94 302]]

 [[ 93 302]]

 [[ 92 302]]

 [[ 91 302]]

 [[ 90 302]]

 [[ 89 302]]

 [[ 88 302]]

 [[ 87 302]]

 [[ 86 302]]

 [[ 85 302]]

 [[ 84 302]]

 [[ 83 302]]

 [[ 82 302]]

 [[ 81 302]]

 [[ 80 302]]

 [[ 79 302]]

 [[ 78 302]]

 [[ 77 302]]

 [[ 76 302]]

 [[ 75 302]]

 [[ 74 302]]

 [[ 73 302]]

 [[ 72 302]]

 [[ 71 302]]

 [[ 70 302]]

 [[ 69 302]]

 [[ 68 302]]

 [[ 67 302]]

 [[ 66 302]]

 [[ 65 302]]

 [[ 64 302]]

 [[ 63 302]]

 [[ 62 302]]

 [[ 61 302]]

 [[ 60 302]]

 [[ 59 302]]

 [[ 58 302]]

 [[ 57 302]]

 [[ 56 302]]

 [[ 55 302]]

 [[ 54 302]]

 [[ 53 302]]

 [[ 52 302]]

 [[ 51 302]]

 [[ 50 302]]

 [[ 49 302]]

 [[ 48 302]]

 [[ 47 302]]

 [[ 46 302]]

 [[ 45 302]]

 [[ 44 302]]

 [[ 43 301]]

 [[ 42 301]]

 [[ 41 301]]

 [[ 40 301]]

 [[ 39 301]]

 [[ 38 300]]

 [[ 37 300]]

 [[ 36 300]]

 [[ 35 299]]

 [[ 34 298]]

 [[ 33 297]]

 [[ 33 296]]

 [[ 33 295]]

 [[ 32 295]]

 [[ 31 295]]

 [[ 30 295]]

 [[ 29 295]]

 [[ 28 295]]

 [[ 27 295]]

 [[ 26 295]]

 [[ 25 294]]

 [[ 24 294]]

 [[ 23 294]]

 [[ 22 294]]

 [[ 21 294]]

 [[ 20 294]]

 [[ 19 294]]

 [[ 18 294]]

 [[ 17 294]]

 [[ 16 294]]

 [[ 15 294]]

 [[ 14 294]]

 [[ 13 294]]

 [[ 12 294]]

 [[ 11 294]]

 [[ 10 294]]

 [[  9 294]]

 [[  8 294]]

 [[  7 294]]

 [[  6 294]]

 [[  5 294]]

 [[  4 294]]

 [[  3 294]]

 [[  2 294]]

 [[  1 294]]]